0 20 0.294181968932 0.508158622733 0.182334278695 0.629420618229
0 68 0.1867187241 0.606174671096 0.0748709302071 0.806387550943
0 18 0.62087371082 0.497772456954 0.0321750684638 0.629224616618
1 90 0.521405561387 0.476048142961 0.134707792901 0.400062294097
0 75 0.0126899618353 0.507688693623 0.377923880332 0.998697036848
0 8 0.308646073229 0.930652495254 0.755735916926 0.0519441699996
0 64 0.444668888126 0.768001428418 0.501163712702 0.418327345087
0 79 0.842532595853 0.817052919537 0.0709486928253 0.552712019723
1 32 0.410650495262 0.164977576847 0.491438436479 0.886456782492
0 6 0.804943351609 0.528334809176 0.813614460321 0.00677020783449
0 29 0.749369635993 0.523730725793 0.832114605975 0.690088452975
0 76 0.550794282091 0.240379779724 0.903693362276 0.229648801225
0 49 0.344754767848 0.116702320123 0.95055924798 0.995278589701
2 14 0.427530236263 0.632724985282 0.625176102406 0.825777318484
0 57 0.669830831816 0.626105512237 0.815477158143 0.78539404249
1 35 0.247067890596 0.110264015228 0.46309138491 0.523533147308
0 9 0.66733913345 0.557313591079 0.642935907615 0.389866787907
1 95 0.0581058405022 0.678493541863 0.261502986053 0.309104332149
0 12 0.622064990534 0.314941505835 0.583613081444 0.709117546576
0 4 0.898980892869 0.909162088738 0.886977481752 0.205155956939
0 4 0.00177720250793 0.4739733525 0.723841170047 0.998682075454
1 42 0.1612378932 0.0339442004804 0.277751748026 0.760482060098
0 33 0.957674861063 0.532565234166 0.696106458294 0.907529381133
0 62 0.98071791281 0.353209604563 0.44569394756 0.796453107356
0 43 0.524178824619 0.484106518069 0.0877042534953 0.0849302965833
1 95 0.943017435919 0.596409064073 0.545938849878 0.564707073902
1 23 0.531317134321 0.204580657098 0.342327580309 0.519415176425
0 43 0.386211383124 0.58470966022 0.852426321292 0.829121967536
0 67 0.371445047871 0.599628428643 0.207074546912 0.699875958885
0 13 0.985813684485 0.268236437092 0.275787455473 0.933483735836
0 65 0.956005214527 0.111885466885 0.955589480348 0.204923538533
0 43 0.982641550928 0.796860460178 0.172718016274 0.765997594159
0 92 0.622632556378 0.935626797947 0.915096543051 0.28145064516
0 36 0.579825096661 0.212079534031 0.0184811538086 0.647443936077
0 89 0.495910469244 0.20404802524 0.0682482396128 0.538246164685
0 21 0.739356486969 0.649096401251 0.608910661602 0.932174303167
0 36 0.814595656847 0.647736941863 0.160714003376 0.458764540982
1 63 0.892705830581 0.112858571858 0.814430049184 0.796744951169
0 14 0.261439872835 0.0818245630032 0.304869833555 0.917306740223
0 97 0.492509550967 0.106542597117 0.501747979415 0.334979800686
0 30 0.274724442906 0.938150540961 0.417127622662 0.173146452853
0 84 0.685089983338 0.363426677249 0.295334589884 0.812397072451
1 17 0.485169797557 0.605589065308 0.685415352402 0.625057269176
1 91 0.234404213051 0.954135460499 0.100548989598 0.0275063141474
0 5 0.256551270308 0.185392851379 0.0517459969917 0.879010070976
0 28 0.530179589906 0.108844944003 0.518706458775 0.856238453547
0 20 0.853572241652 0.267404156122 0.600743143497 0.179680969148
0 72 0.290694321596 0.589091434787 0.796271626868 0.95537824606
0 54 0.0892646252623 0.673923348854 0.410833116254 0.267299594759
0 33 0.308022568657 0.772638441498 0.758672359761 0.877893031738
2 88 0.330174395454 0.747404247091 0.454428380639 0.639593238675
0 28 0.982441828734 0.893212349907 0.657193396935 0.234309283301
0 94 0.803970651803 0.294713673753 0.688057574453 0.545015506818
0 56 0.908786966667 0.204260475297 0.292495430194 0.87273056169
0 17 0.8286650661 0.252144103221 0.241828139289 0.799226617098
1 84 0.472955610985 0.444221148543 0.112989426289 0.915020124305
0 8 0.371506468458 0.880997601994 0.0719038083945 0.116418012019
0 51 0.277445934355 0.386027180421 0.790497373361 0.311321486726
0 40 0.491457063998 0.348423592369 0.418476515231 0.450152839218
0 34 0.489353306368 0.70209568162 0.21141454174 0.972465967047
1 87 0.956957496075 0.217821275478 0.566056191833 0.391594693155
0 34 0.460179404673 0.512499752717 0.169311239071 0.82887539385
0 59 0.856447921506 0.15415914778 0.989982414056 0.883250063578
0 61 0.596333800716 0.632369145951 0.594097575515 0.771770697448
0 96 0.291297737436 0.235375020439 0.805244763233 0.0534681122825
0 77 0.742136229148 0.137949049206 0.147569658443 0.0995178081652
0 7 0.723701229418 0.0868038119328 0.338262019884 0.422319715925
0 29 0.736161214567 0.694418140722 0.0954052814003 0.0758187319093
1 83 0.482225366356 0.400298231372 0.268552631821 0.823193694996
0 14 0.967094662124 0.886349377453 0.919086354202 0.225209004137
0 64 0.493009140248 0.827664126641 0.650705510819 0.470810404297
1 63 0.744801102697 0.723036008212 0.446279081796 0.477255624152
2 89 0.35372471384 0.879436854229 0.26747000152 0.434994794286
0 4 0.632887445609 0.228551522331 0.818802781998 0.0450426295029
0 3 0.255623667894 0.700413362617 0.755186860262 0.349261645389
0 7 0.248712680337 0.73950340118 0.800782130276 0.188179284689
1 94 0.462494622896 0.339541463982 0.464969554986 0.380004284824
0 59 0.195929218027 0.985793496089 0.429088138983 0.963928440832
0 67 0.611647808774 0.239368374692 0.924313815263 0.00746234776458
0 96 0.0313783014084 0.0283670828552 0.153660617668 0.099677374633
0 89 0.757570921357 0.294430767359 0.56559795751 0.356699220069
0 10 0.868781074656 0.332655266969 0.377431530444 0.593082958761
0 17 0.336693495537 0.339260721742 0.682912541621 0.735272190315
0 65 0.92211125065 0.188799011873 0.847673133214 0.00999005131091
0 84 0.741754544194 0.493322066828 0.117505779521 0.642718685939
0 9 0.592061427629 0.377414766961 0.824025639958 0.954837993871
0 13 0.210321653156 0.257504564763 0.979712323304 0.938854918664
0 59 0.23527671242 0.961884009261 0.475402479237 0.829847695187
1 96 0.374942719104 0.709654567606 0.818891479378 0.24701209657
2 82 0.882994728016 0.591613234536 0.113834949287 0.645289034981
0 63 0.383506627842 0.310558419096 0.574187641978 0.874508143477
0 1 0.464709357173 0.388156722724 0.0347337119637 0.564723779911
0 57 0.778699039769 0.505824236584 0.840159505869 0.983002736353
0 49 0.220610680267 0.518721287724 0.690449732058 0.0325596048792
0 8 0.504650352657 0.955567636894 0.231571427169 0.270393917173
0 91 0.407578284 0.327528095816 0.281832532115 0.354899900914
0 55 0.894984957628 0.367238787689 0.697482767681 0.146872884336
0 24 0.332059024149 0.105239963534 0.0946485849647 0.967892408994
0 57 0.0921460029205 0.776170558313 0.510637066785 0.599839197355
1 49 0.565501970151 0.643363371121 0.337249909973 0.16492702604
0 5 0.757970065357 0.344844576276 0.483186981954 0.0726274992115
0 1 0.640166548762 0.499046828188 0.803914590279 0.447907205172
0 51 0.538238827634 0.51630500807 0.140328260088 0.197851622324
0 95 0.0273753855358 0.398158168751 0.0188438784157 0.79957447917
1 52 0.915221529238 0.152268995775 0.648799139452 0.0875434342311
0 16 0.227885193594 0.0283821984787 0.288079384726 0.22361470766
0 48 0.130152875129 0.181843746456 0.00592242255882 0.77217337436
0 51 0.149474553286 0.192525094798 0.278713144884 0.543097924942
0 32 0.882757156803 0.275535082135 0.317001932675 0.762313599844
1 90 0.961512412196 0.721724951267 0.35368369327 0.817697641637
1 42 0.673083678795 0.694913773741 0.220873758844 0.748499450716
2 29 0.985386626169 0.245977430858 0.556385370226 0.880978617305
0 74 0.16952991951 0.143807481281 0.805350191191 0.654892182793
1 57 0.341257069963 0.480053790655 0.292099473772 0.578945523677
0 51 0.385977366302 0.441749258293 0.433995205878 0.511330505884
1 85 0.470952770216 0.427701142238 0.975015457763 0.0278212037418
0 93 0.434727953341 0.0860372380388 0.241971746226 0.178199707932
1 70 0.785589060985 0.00503481009506 0.838306519871 0.123010104145
0 8 0.250333992547 0.523950215079 0.254218261495 0.433917037212
0 88 0.2534784978 0.106056584774 0.882227727239 0.924784025362
0 89 0.265699162825 0.0259580238386 0.274894574787 0.05604104795
0 88 0.147294296275 0.243583982935 0.42346669836 0.483745364564
0 82 0.985100414982 0.210588429852 0.464865105371 0.66243338949
0 31 0.848894407342 0.301707744796 0.529661514848 0.237803169673
0 72 0.156065150571 0.226007171021 0.850710990827 0.0808849813843
0 22 0.918912397259 0.754348328568 0.490323531903 0.930346263101
0 97 0.265304492258 0.314114153591 0.726491808415 0.539672858967
0 53 0.998587696691 0.143820540935 0.252765949689 0.437506652639
0 3 0.87672107463 0.0997556283415 0.622790460026 0.974473695339
1 92 0.888541704646 0.499475788164 0.780072555134 0.237231650373
1 66 0.606651788025 0.163348780106 0.494083299866 0.757527932736
1 48 0.216295268008 0.633201653131 0.240540245543 0.0519668872283
0 58 0.621450648353 0.669011101635 0.914205815609 0.198132450896
0 13 0.859811781767 0.278197345265 0.987377142889 0.242477667946
0 7 0.864250802643 0.0561205420633 0.303274153718 0.305683008579
0 38 0.834956352682 0.454482453044 0.479322853646 0.528565654713
0 2 0.0463928263456 0.825916458886 0.412807453548 0.38326775798
0 26 0.209220997366 0.630941261908 0.754737726715 0.100829620488
1 33 0.975080955333 0.718443948788 0.845396896602 0.246480491564
1 97 0.469686981586 0.241281735176 0.301015290149 0.660778512619
0 67 0.623295432522 0.782139965139 0.692925855378 0.859395830555
1 66 0.24935794182 0.0998496520376 0.141743668918 0.664753422433
0 58 0.455252168336 0.683270006645 0.567825871664 0.767432367172
0 65 0.0921717155294 0.191544885776 0.830308330035 0.262071090569
1 45 0.442678060406 0.578893544109 0.179412177384 0.381528165463
0 14 0.662063896964 0.432477114764 0.952048205515 0.929860990994
1 92 0.634494346096 0.793770260269 0.120757728856 0.605406082581
0 41 0.262351959805 0.884121767519 0.388011434078 0.740446469783
0 74 0.936638888675 0.151170384387 0.575492695253 0.494359386476
1 77 0.474843867267 0.613200753393 0.289092153934 0.252073542406
0 25 0.268293360631 0.445798806618 0.0198631842043 0.9238715049
0 27 0.748644959178 0.447671399366 0.0965826555874 0.652203897763
0 36 0.603660526952 0.981860195588 0.61022786767 0.196990923353
0 1 0.737910199751 0.0440483452725 0.660662053341 0.937961165607
0 30 0.601492009591 0.245754758022 0.88147283609 0.285072459054
0 44 0.191859165928 0.529525187532 0.423877070799 0.888140639706
0 20 0.299707622302 0.599079906798 0.759563840678 0.829054058876
0 3 0.866179808237 0.172740693627 0.816297861754 0.0593123574228
0 76 0.673699162969 0.051255610171 0.610617359832 0.546314022862
0 9 0.441428925183 0.535357971461 0.620248002256 0.9308016269
0 11 0.0593895771669 0.591831336788 0.970483592143 0.133557644245
0 22 0.181445751005 0.61273317106 0.200793759435 0.820111746548
0 22 0.572026465252 0.0338108230848 0.45476696237 0.443422132946
1 42 0.822451607396 0.834956688505 0.199005147569 0.500941016816
1 58 0.226862068652 0.0657007327885 0.661916124922 0.510748202949
0 33 0.153648729724 0.508932381167 0.399751640487 0.931751487522
1 69 0.307424286187 0.57022864481 0.630676339136 0.0561831916003
0 91 0.570267131159 0.915905700236 0.384100715766 0.557687333381
1 94 0.964813215252 0.505216467264 0.0802077377071 0.547457412702
0 39 0.994305841874 0.226556003257 0.499510469372 0.0970302869223
0 99 0.587448330894 0.318298518953 0.468013626916 0.650448568642
0 84 0.574606396353 0.257912458541 0.966614911679 0.556823823529
0 78 0.675898324113 0.68254250921 0.738627696448 0.447618391044
0 18 0.160622268639 0.466331836691 0.27301786783 0.288849715578
0 84 0.393032986065 0.865941891428 0.0583047091599 0.981563085921
1 47 0.628811462836 0.230429878535 0.0601041684336 0.932033269064
1 97 0.976270177597 0.743485932072 0.759444668024 0.140151907279
0 2 0.84698749383 0.0361697780931 0.0606979498734 0.695866356681
1 8 0.124349809366 0.543667290705 0.564784037136 0.904163972449
1 79 0.214357693542 0.234777241703 0.394926724959 0.0430622765734
0 64 0.21337043982 0.841555948256 0.85493895894 0.550213574907
0 78 0.611150655716 0.345781579695 0.526981640997 0.417248954317
0 2 0.216894897432 0.443104582953 0.473152597915 0.127609303435
0 83 0.909259488899 0.0153213085159 0.975999371591 0.00576572775719
0 30 0.733927592748 0.364578397742 0.580221056646 0.727724836085
0 52 0.32901860851 0.571739216095 0.298007914334 0.1068237144
0 16 0.40268014147 0.224090809726 0.623041880655 0.429511672572
2 59 0.573705548073 0.884599824304 0.448272263952 0.547547448688
0 98 0.597792221066 0.462978875287 0.59011438234 0.562943218456
1 53 0.564997800651 0.839351884717 0.248398101995 0.576366964511
0 40 0.974257514075 0.228725424025 0.357366422259 0.126260398645
1 41 0.602765094535 0.900574699576 0.0627949374596 0.216091174425
0 79 0.265187606983 0.349999661431 0.980811278769 0.764900390974
0 15 0.443512021501 0.108218862581 0.304349138782 0.0754957101677
0 47 0.912960600137 0.819552432756 0.51544731145 0.839178575963
0 46 0.360026662357 0.225804631264 0.880634523444 0.0821327473903
0 2 0.409962356551 0.503173427165 0.187500526043 0.685088240787
0 78 0.72817892463 0.592997744718 0.981044069909 0.982774110852
0 79 0.458657642625 0.717092117223 0.571521879943 0.530136354679
0 63 0.0917571848497 0.215407534245 0.894640526672 0.260545356039
0 62 0.251596056035 0.518700301869 0.610026660995 0.386091673021
1 72 0.410143585816 0.130892446954 0.149113104365 0.59794179017
0 81 0.90934223359 0.323295183934 0.949634041313 0.492631559643
0 2 0.648642272854 0.431849757463 0.179019096778 0.545904829308
0 65 0.850780132683 0.115229764308 0.625246499719 0.212340840614
0 36 0.163325571918 0.0830996693981 0.0457351495892 0.102846409451
0 55 0.73292512992 0.119809237603 0.509950466652 0.408796372559
0 43 0.828624751304 0.600144923529 0.0882665808607 0.190271298056
0 68 0.560346049862 0.180344213388 0.0665099389009 0.262682079903
1 61 0.258824515481 0.616759494338 0.108920137745 0.416719887941
0 14 0.541206682404 0.278499299038 0.923646127884 0.66339651746
0 33 0.772724529765 0.919993291369 0.891233247487 0.805048309595
1 91 0.723538716511 0.610327156302 0.0423337825065 0.339656966025
3 63 0.460114199474 0.897749751092 0.217598253629 0.268953922255
0 3 0.297151251081 0.0198297043951 0.287526079003 0.91661116943
0 95 0.257512355729 0.501301378618 0.388438853676 0.525234739898
1 31 0.570439996778 0.211263378177 0.926979241801 0.998546943587
0 50 0.605063323265 0.737161729694 0.822428510279 0.911588127962
0 71 0.791881995674 0.709345514624 0.238472343937 0.0506341031999
0 41 0.546141351752 0.93408817005 0.640196174669 0.76817552685
2 81 0.935324517589 0.968535749105 0.862287440627 0.866210303532
1 66 0.788410464058 0.0861503266157 0.629856991896 0.44519919859
1 58 0.434904498942 0.823049287498 0.275017037242 0.964282668618
0 6 0.485380402873 0.187999430965 0.72731988679 0.862488501781
0 39 0.920769396624 0.132174563884 0.228545576603 0.336699517723
0 42 0.18689213499 0.443543281 0.361986449098 0.435585814909
0 1 0.831495989013 0.972246068808 0.259673067121 0.231206503429
0 18 0.870088495493 0.0162141792938 0.500482490304 0.669278109701
0 15 0.590613887005 0.750259287602 0.490157072529 0.376676000624
0 41 0.605040263145 0.400086969371 0.400476559878 0.434682107492
0 22 0.507433061132 0.925189474717 0.45843595367 0.386245735141
1 79 0.891516065775 0.18568430328 0.862359380168 0.326950806691
0 75 0.160709015244 0.278601293952 0.271827923153 0.792116001128
0 70 0.708025878765 0.389977751842 0.805257762313 0.798347183756
0 23 0.577709810253 0.413177979778 0.638867342292 0.171131880451
0 78 0.270947018877 0.260995438042 0.785346947382 0.348473556474
0 14 0.760842286965 0.328056493948 0.572473597386 0.174952977832
0 24 0.783948102878 0.0797774971945 0.420375699283 0.857225586449
0 46 0.0383958253211 0.553216369012 0.363548812604 0.894868657356
0 69 0.638583953876 0.113027519344 0.114471800473 0.311048973999
1 64 0.346148818932 0.826810825647 0.17953227762 0.699921537913
0 17 0.64129306574 0.488735648979 0.423361791385 0.894034095828
0 64 0.572485890665 0.500413705517 0.62708331585 0.66817146325
0 66 0.0856086292558 0.0905124181899 0.713052129899 0.9644749619
0 89 0.156995328535 0.396142233231 0.0907386673781 0.803262300554
1 90 0.417005167238 0.338596368907 0.143999601606 0.499552885808
1 85 0.698058868218 0.702856775782 0.0326583163885 0.709829961133
0 72 0.110909453838 0.746770135104 0.479298271662 0.582412778768
0 67 0.367876238346 0.308402948355 0.319071912546 0.391216514805
0 9 0.575227559683 0.916674173877 0.34675260558 0.413245202625
0 74 0.681934341739 0.811249672437 0.089756691253 0.541429519117
0 13 0.187359254147 0.630146743356 0.617401194229 0.335651466736
0 29 0.462418606928 0.19626038725 0.327553601503 0.2911180804
0 40 0.863566094492 0.00420237431322 0.144093709561 0.176230415178
0 88 0.63207326145 0.099718160239 0.89165048837 0.110704221201
0 15 0.0410379103334 0.112233692493 0.912127726888 0.867797808558
1 30 0.344890300062 0.465313348176 0.813182924802 0.930557940716
0 19 0.257705453689 0.508964192388 0.828499798015 0.881442071904
0 52 0.133090422235 0.890387883282 0.0244173148034 0.265882178337
1 61 0.582575927666 0.0634861564227 0.496821588877 0.957467802779
0 60 0.221877066586 0.47082963681 0.288367527898 0.0507667064966
0 27 0.293671119693 0.9627342979 0.0234684620534 0.537762252728
0 30 0.835866664328 0.558339315566 0.117144233047 0.418658999461
0 29 0.596971738768 0.501612648847 0.133795769224 0.0143968368643
0 90 0.336630934454 0.080911414655 0.286579285206 0.776414732057
0 82 0.780268626474 0.106499802079 0.0561995841102 0.788629199318
0 26 0.760274942714 0.455102474589 0.635065150158 0.149605003451
0 72 0.818345279218 0.584218085003 0.590993826727 0.492995143554
1 90 0.0210657495177 0.934661504316 0.787633589779 0.768556746999
1 88 0.108424423819 0.476934851945 0.668908486343 0.869261706464
0 20 0.422406829132 0.183623064352 0.837542038939 0.519306567516
0 4 0.310711119002 0.247119215898 0.775974096161 0.360837533629
0 58 0.626050522126 0.485888699642 0.209112371056 0.911482768993
0 44 0.144918165983 0.431790551405 0.352861388358 0.198977969585
0 10 0.240836199896 0.856608757113 0.183590899737 0.716187095673
0 39 0.868959736822 0.301101960315 0.961118269358 0.757726231239
0 22 0.28691154062 0.964204847037 0.496672369943 0.498233069915
0 69 0.394675799639 0.919791537428 0.647987460431 0.0985995256451
1 22 0.41815081433 0.616679633742 0.232241805496 0.633269472162
1 58 0.487046939845 0.0940152507579 0.307520746361 0.456185815318
0 58 0.422428057618 0.76185296065 0.975606188536 0.913742612694
1 89 0.27598853487 0.795481080314 0.307848010019 0.432955969506
0 27 0.72782733382 0.295196476327 0.583707548715 0.531353353346
0 56 0.779500470518 0.289479303443 0.764058914478 0.164568826735
1 9 0.899192985712 0.353419549502 0.638501697719 0.989619506379
0 1 0.0630411315594 0.765903451729 0.445169369432 0.301706531889
0 77 0.351838363707 0.961358968509 0.532280510321 0.0614631784792
0 57 0.358213625386 0.980293097574 0.90835538792 0.984032053049
1 89 0.760332773629 0.750721219643 0.340543778456 0.0162004816659
1 59 0.188841139641 0.929986882017 0.617807690043 0.799933396468
0 13 0.715484380421 0.106614533837 0.228237437956 0.707297476673
0 14 0.689701529551 0.359370913669 0.43987703231 0.964927745246
0 59 0.829039095946 0.484313529726 0.765160040819 0.142284849761
0 75 0.276545725941 0.117230000531 0.149852269985 0.599195311199
1 31 0.812222780087 0.798202136746 0.0679687024201 0.143894683433
0 27 0.0760489530168 0.448251902576 0.66316524523 0.324975363018
0 52 0.984242691447 0.461662651573 0.756821325144 0.892757178957
1 95 0.532319186487 0.151498573562 0.579458768105 0.325967064736
0 22 0.110209947135 0.68880381057 0.291922688566 0.82569512635
0 77 0.969030175585 0.380595971958 0.366650068902 0.542712601063
1 93 0.0381142190121 0.275908530673 0.442923664699 0.903512444526
0 87 0.00946297132927 0.521464231338 0.201996648417 0.79492203884
1 42 0.300705223503 0.1954812377 0.152729466638 0.664698179005
0 79 0.968695631992 0.390248271544 0.0661375325148 0.160418461894
0 46 0.287654212986 0.126570171806 0.00319861441424 0.291686005085
0 13 0.934320963549 0.161652205844 0.0511610041349 0.204348979347
0 21 0.816459903933 0.75541300786 0.0854034936115 0.587207774688
0 22 0.538480140934 0.757764492634 0.813171208798 0.80009370782
0 73 0.465496982049 0.175581668735 0.465022214945 0.68845886667
1 96 0.34686840262 0.111583164748 0.58022671296 0.16930595451
0 72 0.634881667132 0.882975959469 0.808636502165 0.375557827014
1 61 0.678073894771 0.735407020601 0.209857812106 0.814947657103
0 94 0.0237112718735 0.0114518363496 0.0895885947413 0.627115771519
0 86 0.465102004487 0.604347009837 0.393626407438 0.168598221699
0 5 0.685335480721 0.916941578713 0.578036898813 0.572724208228
0 36 0.487195986997 0.457456551585 0.88230949325 0.200394802693
0 59 0.326459951689 0.813804339491 0.636152830744 0.798173683239
2 45 0.650395199003 0.457721758219 0.104825809636 0.122601146905
1 65 0.664255644877 0.954679334293 0.431372359016 0.193210848563
0 56 0.32849562158 0.565562714867 0.800599792363 0.997072834728
0 67 0.570973897823 0.218196791485 0.924738939009 0.51225832839
0 82 0.968839887279 0.0313792597928 0.722184025856 0.378483877403
0 18 0.497193134396 0.104722647878 0.567564368064 0.0690183392442
0 73 0.752599480978 0.532977456447 0.491647616281 0.282248217909
1 82 0.414528956314 0.198772133991 0.687521072426 0.772166588066
0 33 0.253576984838 0.293044282737 0.577700372332 0.799693886095
0 50 0.640556689705 0.84251486625 0.537692591464 0.739951428885
0 83 0.0753163767915 0.0475498041335 0.25072055676 0.163882200939
0 17 0.632768061495 0.81811517085 0.386655069872 0.90948489194
0 29 0.360183259502 0.937311583857 0.276600914098 0.783727349531
0 4 0.105853447722 0.975040350226 0.575040907071 0.32763978789
0 47 0.563474715819 0.751522918774 0.210889904713 0.0751700603556
0 86 0.648573758521 0.711356183378 0.0529964200027 0.605813826528
1 67 0.780003582599 0.997886763325 0.724215988845 0.504370415098
0 27 0.409008822882 0.845324438845 0.861908342091 0.838239307862
0 21 0.549650017454 0.101345434394 0.970167514649 0.771745223029
1 53 0.963593933792 0.540474656993 0.0268239651419 0.710122493706
0 2 0.320098319193 0.571387070985 0.928238934465 0.765686352291
0 96 0.337237757342 0.799008927265 0.0107363178393 0.835826129608
0 86 0.612700193461 0.703509225804 0.840921115652 0.234131628018
0 29 0.0457089144685 0.248951303618 0.614435088094 0.226229857043
1 75 0.899801233482 0.603594318359 0.141393984974 0.485638152814
0 21 0.386647255401 0.951333995482 0.592400583601 0.667520613102
0 57 0.826577827644 0.146540718172 0.836935056656 0.702307131834
0 71 0.663380466462 0.236549476814 0.0596834965675 0.0958709851324
1 19 0.255207173768 0.0539836769774 0.966027889798 0.0267966341033
0 54 0.524199370026 0.286611166268 0.779643028853 0.0374749718448
2 74 0.877584981127 0.575872481138 0.693214030125 0.950876247716
0 36 0.30907074333 0.265713429728 0.128218120502 0.80510391022
0 1 0.368907607541 0.0545879728762 0.694135583699 0.710734985985
0 51 0.124745637912 0.331913207881 0.679780921797 0.028698732346
0 50 0.248388578722 0.432402350823 0.584719038772 0.468811100924
0 38 0.971845464538 0.281129985885 0.267789795463 0.420454305127
0 61 0.887302306628 0.637770073266 0.0510431259673 0.32760149468
0 75 0.928344570969 0.283525168782 0.314085701408 0.467231238534
0 14 0.44143173631 0.595404869873 0.189530171529 0.181482555255
0 21 0.477138665917 0.225758906925 0.110423359068 0.36755015045
1 90 0.751559888484 0.382127018964 0.951230550761 0.155545214687
0 70 0.774136643888 0.239443301062 0.452760755466 0.595712651205
0 89 0.216915759317 0.486688047601 0.964312919951 0.339019399408
1 57 0.835007739829 0.494812173067 0.978520188674 0.817823617688
0 31 0.228485148803 0.0432367036175 0.337382802876 0.61421113293
0 81 0.65080326534 0.833733086653 0.309186458869 0.178624005366
0 76 0.214869613117 0.523758526842 0.710053268914 0.320970427845
1 80 0.293764415073 0.345684227807 0.48305180318 0.501449427268
0 79 0.34191518924 0.654345389215 0.136125137088 0.841504502102
0 85 0.145236717863 0.839613534052 0.881511189199 0.153436007019
0 17 0.704170146081 0.231501149584 0.58344581558 0.972215547697
1 21 0.519242338649 0.599419276372 0.818023392762 0.617773985728
0 44 0.0686399229325 0.299790014358 0.601873352021 0.491177299515
0 18 0.772818044818 0.372199387407 0.665338502663 0.210724420057
0 7 0.869780735884 0.474114210692 0.860598413034 0.629607609759
2 35 0.259999659256 0.919355057593 0.87730597645 0.0864663896155
0 21 0.932987179521 0.176409868572 0.164969869435 0.0246375983492
0 67 0.0485813880938 0.267880405159 0.365158575692 0.58163655247
0 1 0.958170492338 0.472852631807 0.187052748672 0.504024173774
0 69 0.935918104999 0.238346709587 0.0852155272731 0.2159596092
0 30 0.15794786624 0.46979991734 0.647983713678 0.229790655191
0 36 0.776612932079 0.977751471583 0.363488130228 0.783993799399
1 51 0.334617787761 0.815642381127 0.998989517694 0.132711267478
1 59 0.605141319913 0.774157731542 0.69629040336 0.535318494082
0 20 0.749897066335 0.733988442811 0.981691343875 0.53206025436
0 5 0.519089760497 0.396388621407 0.29071312698 0.318866304618
0 91 0.394791163067 0.698265760859 0.532052915194 0.929983113226
0 26 0.0322576574976 0.680914825134 0.443496918718 0.00922034697432
1 14 0.623206583523 0.901078474333 0.862647853941 0.205339525748
0 79 0.624399230181 0.393202868278 0.0946604578415 0.368334682383
0 5 0.781225933312 0.63744821098 0.337207387665 0.774636317287
0 84 0.12678431612 0.410914390367 0.434504356868 0.0829390172306
0 30 0.248155875601 0.624687299199 0.447579771288 0.647195758557
0 95 0.810135325188 0.488497967487 0.624918402255 0.575080834099
1 47 0.293117787247 0.440652421579 0.0459552348042 0.492838201052
0 9 0.22642640751 0.408993660928 0.24016224023 0.239620132738
0 56 0.864300608116 0.187743103887 0.400502727361 0.462388106487
0 7 0.397238611572 0.344382249553 0.971253057259 0.189799642366
0 43 0.540562130643 0.526987656916 0.490954348012 0.476672214313
0 86 0.883233351901 0.0630083742812 0.988299183786 0.208352092758
0 63 0.684340664458 0.0853916316666 0.574801389263 0.872391235167
0 3 0.329585778712 0.835952497929 0.633265122384 0.351574606823
0 96 0.632647247462 0.330868506748 0.29045282691 0.188550356606
0 38 0.42007141435 0.557435982393 0.48454696765 0.553702744177
0 32 0.543425363857 0.694972633699 0.0881381740464 0.164774124844
0 41 0.60326216124 0.893897507807 0.121739955468 0.327877852137
0 62 0.976609697305 0.601858387436 0.75878468954 0.50089537462
0 49 0.524216227919 0.513813118075 0.972048917288 0.713067340542
0 51 0.552000085627 0.922815470049 0.850811490956 0.0287001700591
0 84 0.395357025784 0.0255468518382 0.743923085864 0.231640177721
0 44 0.668724039716 0.189168215258 0.190343067063 0.102958378589
0 46 0.933093657909 0.603642991013 0.00374208371884 0.426530571664
0 19 0.0298906181558 0.193399959648 0.445416938361 0.490909417752
0 90 0.407017461815 0.871515762275 0.349366011665 0.90008926536
0 33 0.956003981378 0.15950573672 0.696131930001 0.110881361737
0 11 0.238637784092 0.429994082896 0.727633262616 0.79810494423
0 23 0.832439540249 0.620035808918 0.154745519344 0.850869066549
0 43 0.0529569279432 0.645691685191 0.944499208904 0.241911259978
0 5 0.848568467481 0.652803885897 0.970509221964 0.127199735245
0 29 0.962343862628 0.831363368498 0.33991267682 0.963853618729
2 89 0.819498628904 0.806742986567 0.355357325355 0.0687276855281
0 43 0.880651390762 0.7418016373 0.524946848668 0.447047303697
0 65 0.774206775264 0.57393468212 0.712980682285 0.0327298313222
0 83 0.428086804053 0.18506943147 0.0235865584922 0.721128052895
0 66 0.467151992323 0.726648564909 0.42826156874 0.763431045827
0 79 0.817540866339 0.177885545994 0.32190899122 0.215321592509
0 75 0.836815753787 0.69297412877 0.438340293095 0.133427205842
0 55 0.331181326012 0.461102607594 0.782831551858 0.787314027458
0 99 0.373577062175 0.718026296118 0.359299282902 0.0283321414389
0 25 0.489580004136 0.678043783527 0.231271456827 0.394078852917
0 40 0.236528483072 0.530869928526 0.973101867746 0.747467374666
0 7 0.737647383469 0.924118208066 0.462127742078 0.723228496098
0 74 0.834516231552 0.246568888141 0.991659303557 0.469114913373
0 16 0.246045268831 0.773517934713 0.98236259285 0.778820834711
0 39 0.639252276263 0.807923851825 0.869004642134 0.62717358836
0 67 0.875470818286 0.982400896872 0.390513205689 0.0693367307025
0 35 0.65396360682 0.189467588551 0.20977809318 0.67541283228
0 5 0.112125205362 0.62278008959 0.279041597435 0.899673445249
0 20 0.69082186179 0.575920129498 0.987870440727 0.906566572808
0 72 0.557485390438 0.302886568435 0.734687190049 0.133850615553
0 7 0.975563541517 0.695260502749 0.225788914619 0.491793894443
0 1 0.118316918919 0.984450249539 0.827912076874 0.709245439402
0 58 0.0254424213416 0.270605433765 0.834159104226 0.00711666027041
1 91 0.238998368346 0.988721424799 0.958131743602 0.598662046934
1 86 0.564012833303 0.287185572537 0.445813364351 0.371302125846
0 19 0.710253687278 0.86205456355 0.0604140615843 0.104739495918
0 45 0.61762282358 0.40447368006 0.768949980491 0.0302279029451
0 87 0.127846842189 0.29709211348 0.0266342567536 0.1807794364
0 14 0.863000164559 0.404215170117 0.790307254144 0.0538659700287
1 27 0.23503069093 0.960915780935 0.528524337788 0.24458104201
0 6 0.138447545 0.657683109131 0.111805715815 0.104462741649
0 65 0.646220707485 0.311773647637 0.48709221941 0.509722932506
1 66 0.304208909275 0.610940530163 0.797014340799 0.230091398432
0 35 0.617194878849 0.310025362425 0.457876738606 0.497450437989
2 42 0.42781523116 0.68880974123 0.486629507627 0.772399254046
0 88 0.769297422549 0.978668787015 0.0649166850313 0.590512370708
0 40 0.9025981279 0.20608646144 0.349071670146 0.406354476629
0 74 0.0701417405917 0.365818731167 0.250362969667 0.515431547059
0 7 0.656591946897 0.740155129577 0.604503157283 0.375090041827
0 46 0.343066298706 0.229994430846 0.951402964431 0.715782599677
1 57 0.310969833186 0.915858650242 0.125867773561 0.953024283773
0 60 0.693900161755 0.336896078263 0.0602799192377 0.691826034713
0 4 0.552394992425 0.353170745348 0.372959758287 0.791587378786
0 14 0.0859527566998 0.186126388418 0.426999504993 0.647216100443
1 85 0.740752997006 0.486798795384 0.38124118641 0.830273556567
2 85 0.0476756343831 0.0064538626395 0.0496115425558 0.334488434595
0 48 0.691810692782 0.250507063881 0.0663826524925 0.982628139545
1 62 0.0373329344237 0.145398080118 0.358789226355 0.78705760538
0 72 0.801523370931 0.496257643049 0.692682388674 0.0372075342577
0 9 0.412842700096 0.318686836093 0.257911822472 0.209132336527
0 60 0.399834664051 0.997468155717 0.357643586139 0.218187398808
1 72 0.768258245427 0.493475467342 0.731484164449 0.585950488216
0 12 0.709433293335 0.4216487072 0.408040831878 0.0628748036753
0 74 0.044467167029 0.158584453892 0.631160863254 0.932680143311
0 53 0.464896776101 0.683381750909 0.42669384301 0.714948634467
0 49 0.0207668598274 0.42405549005 0.800339995383 0.415491367052
1 57 0.772179842643 0.47897654125 0.492940275913 0.83097598648
0 60 0.434410197129 0.326952901123 0.481297859365 0.636858804696
0 75 0.958200859659 0.290727000126 0.680946502364 0.0934846224827
0 49 0.95509000717 0.551748368056 0.422798951944 0.385336151103
0 93 0.914340856555 0.467951632877 0.323211670685 0.611125313846
1 64 0.700055947753 0.657346122399 0.221152971331 0.485999870046
0 2 0.290411713342 0.2597752045 0.844029099207 0.912692962145
0 73 0.749251455672 0.657019253075 0.498719674269 0.243773880466
1 50 0.806736293536 0.0487369465781 0.362162838568 0.084915707785
0 1 0.733110635611 0.0187673919276 0.484837184524 0.391253000547
0 41 0.421664052141 0.167330907202 0.469269107452 0.604194838915
0 33 0.135993375761 0.456697527887 0.343202936744 0.120769537826
2 57 0.798456497276 0.0244069871179 0.294131186204 0.976526042749
0 36 0.991411208421 0.877537401853 0.445945279737 0.888516369256
1 73 0.858042919468 0.678303454227 0.858354930103 0.299487523118
0 92 0.395524302674 0.744512771225 0.428196893854 0.0616989222248
0 18 0.285914650656 0.920268005973 0.792266310943 0.0564979848379
0 62 0.310444327265 0.571412687514 0.690118734149 0.840897570934
1 67 0.690963214565 0.607363381133 0.672985860116 0.327183687411
0 45 0.80418877689 0.101425436934 0.0686600122347 0.644221277817
0 10 0.360178300326 0.525183033176 0.536884150499 0.034772934505
0 66 0.359269983417 0.889067489316 0.245648149674 0.608644113785
0 11 0.657041524021 0.760968097546 0.81396243557 0.306315844007
0 82 0.786195673971 0.894653557093 0.877389248864 0.523844511655
1 57 0.595813440627 0.843694916215 0.129569668425 0.188051455744
0 36 0.732024833091 0.229120575545 0.45546442765 0.403999511804
1 61 0.501790594962 0.982812411379 0.704595740621 0.693838134827
0 65 0.678447320718 0.644190575946 0.904151855147 0.706244232979
0 50 0.122489146493 0.833916359202 0.147392889733 0.670201555605
0 16 0.312495829313 0.493377347164 0.751346646554 0.845557084711
0 54 0.542163170982 0.161073953734 0.28426571504 0.984618435111
1 9 0.305852548197 0.658975579117 0.562265454301 0.692399039949
0 59 0.807161787758 0.718300101805 0.383517936328 0.615988189934
0 50 0.355937886844 0.522100872289 0.494123791024 0.812078179542
1 69 0.968258015477 0.147557155708 0.141571683464 0.322673123101
0 14 0.801409886108 0.222434168349 0.316512418396 0.722421601706
1 89 0.67257342289 0.242329328777 0.79388018146 0.397505571651
0 25 0.240486132901 0.257364667966 0.90898945194 0.605449183257
0 53 0.629928938329 0.490594714695 0.218599059155 0.700868211706
0 71 0.855536717366 0.140144991991 0.908707009698 0.866298792685
1 30 0.887936284254 0.463287786366 0.86157018409 0.679147516241
0 87 0.31879560644 0.412629752557 0.711394099537 0.252999911848
0 69 0.699416007265 0.592416911176 0.454988294925 0.180531678218
1 96 0.92118280322 0.267937750495 0.587587763911 0.714058358149
2 78 0.983093522168 0.855311264819 0.871109905289 0.0930234369141
1 46 0.297869117041 0.893472953663 0.821071638085 0.939505410415
1 68 0.591095917967 0.884719277785 0.58136832516 0.65739423416
1 95 0.81780755489 0.591887627925 0.836099862451 0.927201133785
0 99 0.111363886042 0.813897681773 0.793548404311 0.157874816222
0 2 0.207366205682 0.0288242818835 0.0328197896664 0.0719911243445
0 41 0.751145981757 0.7768394882 0.343774134054 0.34100941094
0 24 0.418309191688 0.170121104873 0.979848523194 0.59072774066
2 65 0.885229872089 0.106277921444 0.393992118746 0.788778278799
0 26 0.473526440447 0.525159165935 0.857842177244 0.465521001883
0 5 0.448131851721 0.851010403706 0.363477040942 0.501515857327
1 31 0.699610602887 0.737562085128 0.102700679246 0.971660530276
0 28 0.524381311538 0.909358287934 0.335647652159 0.558833958198
0 51 0.484706119083 0.962150641295 0.502021499387 0.653303724342
0 2 0.256184737688 0.163023551331 0.792749493655 0.692610793622
0 7 0.643763215432 0.88005545778 0.294900928309 0.646905948065
0 55 0.205629456559 0.634989751287 0.100698760857 0.417924034019
0 56 0.75203084583 0.793757397894 0.341520548806 0.0660582162595
0 59 0.903027646034 0.260164205812 0.883301498222 0.212842658575
1 90 0.8784765559 0.273540225447 0.231761111157 0.719192173925
2 80 0.713704723857 0.941282571914 0.33028893497 0.556491920575
0 41 0.0360204027712 0.199703391012 0.940512140051 0.679101420388
0 30 0.643935507204 0.19944382559 0.162935586936 0.433360425042
0 27 0.382345938487 0.296071823998 0.849755104626 0.175618776577
0 25 0.111850626577 0.514436764992 0.364354965598 0.069902683975
0 77 0.258402498509 0.450150188858 0.251366076197 0.69651378915
0 96 0.672671355742 0.569572991488 0.942958715603 0.550152425192
0 66 0.345693628877 0.941661124156 0.414698124712 0.4215004414
0 33 0.0713225593279 0.0231326368226 0.318878718362 0.649436781085
3 90 0.537838848617 0.0354562683057 0.687204923676 0.558262539677
0 82 0.280226476257 0.259433071435 0.0342718113041 0.482805617919
0 31 0.245057866042 0.136793806377 0.319966847327 0.84170283449
1 72 0.925271084523 0.802051552038 0.925941304267 0.831563621555
0 5 0.218939487722 0.138417820691 0.0343309018815 0.723395217696
0 23 0.890246511436 0.752184921371 0.482110856579 0.469909648396
1 92 0.593949759288 0.294794871354 0.3365109386 0.0717521831905
0 8 0.0735985886187 0.435969863888 0.862158018251 0.155804654853
0 33 0.84631437861 0.510991267746 0.849317182709 0.852818944028
0 24 0.516109137638 0.793286041862 0.939455487893 0.778615701788
0 56 0.580621505778 0.430911821205 0.402741851272 0.470883417525
0 49 0.00449028364937 0.692331034733 0.219794863471 0.647693231238
0 4 0.709870562667 0.545582425145 0.994214458349 0.535190072426
0 10 0.245441429276 0.297058558619 0.470703057775 0.853302029978
0 44 0.359378655495 0.816470807302 0.766160339325 2.77608366344e-05
0 39 0.173821957873 0.21577354273 0.874206205758 0.0404627993975
0 15 0.40007525541 0.368592559199 0.362709314274 0.865128697395
0 60 0.162217058127 0.204747611163 0.0395193595596 0.311702359936
0 87 0.83404758315 0.763722594668 0.112834525506 0.302532533973
0 29 0.740490871797 0.356580259294 0.862645832861 0.328123054741
0 58 0.536440250703 0.585644320616 0.830812880077 0.07472750839
0 26 0.989993904333 0.0141102611234 0.158117606463 0.75838390448
0 11 0.311906072509 0.435195003925 0.6609491213 0.37900315813
1 64 0.620220269513 0.211676336237 0.932078492664 0.538225880252
2 79 0.675964010602 0.764164687725 0.415063987476 0.486932454601
0 27 0.606469617046 0.442496230145 0.0323538189536 0.926227486039
0 54 0.344169696327 0.732929117281 0.990409667607 0.925257209367
1 56 0.162403361804 0.995385992117 0.495801041194 0.247393392304
1 78 0.191526270449 0.617129624141 0.555716100412 0.232083150085
0 73 0.638904649829 0.710917401412 0.455605730893 0.203082488199
0 74 0.256799220515 0.387533050762 0.141230877095 0.328883304468
0 13 0.100150571625 0.377142788984 0.898338450646 0.146992473054
0 84 0.171226047576 0.13618357128 0.784908551679 0.82663962697
0 43 0.676017196594 0.170737011163 0.0763538538309 0.154906408562
0 76 0.813427903538 0.831093266085 0.9014280031 0.419279622983
0 17 0.759460607854 0.0697765390267 0.259919551923 0.221641828529
0 45 0.658060808517 0.460208889534 0.241760849525 0.153902547039
0 69 0.886728767061 0.923952650245 0.287378330469 0.13949982754
0 92 0.421768621842 0.95761757455 0.640377861476 0.35470810818
0 51 0.474481219178 0.691193192822 0.683747379489 0.473494651979
0 51 0.728491083917 0.954207279113 0.118825106217 0.312117232562
0 49 0.355102736712 0.0933066473302 0.580313094945 0.315682571129
0 8 0.599209970369 0.0946588180119 0.918560319921 0.61566952808
2 62 0.181377715006 0.306608161294 0.998126041866 0.873916295651
1 54 0.816797361382 0.647530464475 0.297141379399 0.579970787615
0 4 0.301427138721 0.416601728807 0.309050716869 0.886401342129
1 94 0.0353145441736 0.598192794662 0.00960932805515 0.384961138309
0 1 0.176238307246 0.503002750437 0.143227819465 0.374405189649
1 82 0.99069654764 0.970998946109 0.964829021833 0.248484758589
0 29 0.709506521122 0.552799114194 0.457767848937 0.347638432703
0 17 0.999508105902 0.149373215777 0.572715766451 0.0899474902084
0 15 0.492560233798 0.560632526751 0.792412268677 0.00531275810709
0 8 0.0264155671017 0.0769205863983 0.514046926195 0.224739736153
0 79 0.786682985879 0.862566673193 0.0481374332746 0.537954110121
0 42 0.278849656415 0.723916148347 0.674319390691 0.944085705863
0 34 0.48446889438 0.155602443583 0.528478182541 0.462491215163
0 79 0.116743445698 0.226437743786 0.871241928476 0.0746978896376
0 84 0.843060062746 0.111834311165 0.985187179376 0.249228586914
0 3 0.767076734927 0.238201580582 0.845499920178 0.973625349526
0 60 0.463284657542 0.280980896298 0.138102574999 0.226822674696
0 22 0.530933462045 0.480550002137 0.347598385212 0.514565520429
0 60 0.15763967818 0.213899335753 0.052734848622 0.629270583705
1 51 0.241450047856 0.331881809616 0.0335246284925 0.780520593349
0 5 0.694542512286 0.273337613822 0.593163541457 0.658957472347
1 92 0.273611634723 0.485871359829 0.295948890262 0.372506245849
1 79 0.285619193247 0.871151712763 0.131367409076 0.474198004175
1 38 0.97014297654 0.416682458066 0.602294904719 0.967399991691
0 93 0.717027953133 0.632098769172 0.307789278965 0.0355196799741
0 26 0.932214507659 0.577569555894 0.647335002098 0.893200909841
0 1 0.00140086805238 0.161420229482 0.674721085348 0.537005705684
1 81 0.45631402745 0.219733786629 0.735427314479 0.837247406005
0 30 0.310667121669 0.183428465912 0.315710464727 0.0915350590279
0 5 0.446155528213 0.82646597996 0.685133691573 0.572305438499
0 72 0.527898548236 0.612608962316 0.287840774359 0.375677256061
2 77 0.890828701149 0.238017641881 0.141722226993 0.0936738823966
0 24 0.937849711098 0.994572324961 0.844054435604 0.3556106503
1 96 0.671342951042 0.99043496462 0.490355039218 0.0969153156803
0 32 0.189684295096 0.691499784429 0.021673478162 0.468852229305
0 0 0.732016209886 0.766096457444 0.682202960132 0.776224026381
0 93 0.458772351298 0.330483058039 0.773122939528 0.0960761381996
0 49 0.681298908886 0.0721017307192 0.310690837716 0.885429229382
0 71 0.674972133094 0.238044791689 0.813274899458 0.604048214065
2 94 0.906183180077 0.684284186953 0.999687492965 0.0579141489698
0 78 0.799664164824 0.610279298581 0.562692502843 0.452446994123
0 36 0.300268213115 0.21641168086 0.677844841841 0.982055825154
0 59 0.218980980624 0.271984121503 0.382174891512 0.60510995666
0 29 0.591449420431 0.490264051329 0.169402540266 0.0654194587402
0 97 0.0753728848668 0.354348425865 0.940451712367 0.301758848942
0 17 0.950431070625 0.126580409722 0.701432524993 0.300119246075
0 19 0.113462749519 0.684814146816 0.418626601218 0.552225149743
0 15 0.478728957548 0.827420820492 0.709679310386 0.0710323901298
0 16 0.163582658295 0.72969391123 0.0568868633673 0.0517679505901
0 22 0.286588907595 0.71829913447 0.727024779704 0.966784925696
1 79 0.673026518413 0.150780127278 0.800927211772 0.793916540962
0 54 0.413758811973 0.728091248896 0.919217474893 0.461309433647
0 65 0.0702796217063 0.585785885376 0.551253237302 0.30935516522
1 81 0.778507685292 0.86453086431 0.958552798891 0.433365065608
0 52 0.103956835956 0.304878017346 0.665401141555 0.085659993842
0 66 0.487095870897 0.0245147393446 0.334500046298 0.508870220022
0 3 0.460598733115 0.928962211114 0.500006560065 0.463437593147
0 33 0.499382036116 0.915290641566 0.0259264567185 0.340693714181
0 8 0.0874654226823 0.34627615926 0.542166579894 0.0583797723978
0 6 0.961173075833 0.480921884859 0.124261179657 0.824381420166
0 30 0.183106178258 0.179707460704 0.460530574004 0.60022559091
0 41 0.927727417244 0.474687364879 0.954533370043 0.00805692660028
1 43 0.343382809645 0.360186515945 0.633367132433 0.667299090704
0 98 0.558779672732 0.28538747784 0.321330445597 0.84747762297
0 30 0.835675528273 0.421347433236 0.724930789461 0.152933909726
1 46 0.593877985286 0.208563706246 0.602090154826 0.479611498485
0 73 0.347186950105 0.271911896291 0.586710529959 0.561642380413
0 45 0.851681077518 0.554154504285 0.504485615667 0.474412356216
0 12 0.490481386454 0.607264587473 0.823118910132 0.633210139966
1 37 0.656326355018 0.791005064751 0.336308160326 0.523193049422
0 0 0.873109659421 0.636320058123 0.270763684974 0.610301631395
0 63 0.698699923593 0.296273830218 0.367504076244 0.684704596071
0 31 0.36422231254 0.165469997607 0.114863759822 0.591645160978
0 8 0.391088104318 0.129478102455 0.375289505616 0.694669472338
0 33 0.553007061306 0.20190027362 0.592574918883 0.59175684043
0 62 0.516941205278 0.932411090552 0.778870344093 0.815594260722
0 67 0.38379294356 0.0714720720723 0.0247153354139 0.705660117498
0 17 0.577416213358 0.315697696789 0.371961560562 0.865158864695
0 45 0.586888849384 0.273962519983 0.360799556491 0.380205286357
0 25 0.55087854286 0.906826107448 0.454015775022 0.43625966131
0 3 0.435260638589 0.674138456876 0.0324412234907 0.878541614256
0 74 0.271855224955 0.0398976492172 0.517136945416 0.421844118378
0 28 0.563275764681 0.405336364976 0.361957842282 0.558548673249
0 2 0.249808619359 0.481573579614 0.614305582972 0.933541595925
0 54 0.334528680014 0.437857342666 0.103164409194 0.280702562216
0 36 0.999874840973 0.0900268157083 0.352511826892 0.925111062002
0 87 0.339525083363 0.00780185887481 0.972821763296 0.530145590615
0 48 0.659164223164 0.416520457902 0.713936486078 0.283153845038
0 11 0.633329445284 0.518191398049 0.486338012068 0.0885374075098
0 33 0.486405466249 0.139241913189 0.192273893141 0.363297659794
1 79 0.0543752383276 0.844622178416 0.289311278197 0.233232168914
0 17 0.806077982245 0.0803229027812 0.579020453381 0.418906714131
2 66 0.821451562628 0.632837370568 0.924504012175 0.789515722481
0 82 0.604601449584 0.341927102774 0.675513736371 0.290855460188
0 65 0.281562336545 0.906314167627 0.041371546184 0.0470664336384
0 5 0.592568086281 0.39670573592 0.670909922538 0.515400769974
0 87 0.0514313710075 0.310418830637 0.631505182352 0.397654302336
0 20 0.501437485353 0.614056031581 0.901005955436 0.953526221131
0 49 0.377760897681 0.319922696507 0.148469673627 0.955104011764
0 26 0.378348195495 0.461033049445 0.489075263129 0.776492279184
0 58 0.610474612174 0.246955722089 0.242307016408 0.77190184781
1 97 0.273231344893 0.520644139881 0.502251991706 0.757382466564
0 84 0.618407400994 0.93925628864 0.659201223778 0.524859055516
0 39 0.44558285937 0.15728146946 0.248390562991 0.48435216736
0 39 0.248166987708 0.0511857279328 0.204068509794 0.165304676508
0 65 0.296854759458 0.45284312479 0.98060093858 0.873806199448
0 67 0.817949965933 0.414560944572 0.726229422773 0.676418063602
1 88 0.431179612358 0.912992156726 0.00840951634689 0.797072383324
1 27 0.776648443276 0.110060966612 0.570291788247 0.888288089843
0 48 0.728814115928 0.316550473796 0.0952280916325 0.805273102524
0 46 0.882769398436 0.302043150018 0.277901539065 0.290901206586
0 97 0.26524419108 0.392680626 0.519768643409 0.573589062449
0 27 0.115678055036 0.656251802103 0.393022422414 0.502277547237
0 46 0.140484772025 0.0253871787573 0.305488430935 0.166490923083
0 18 0.952722027376 0.916425645101 0.664298993798 0.964571249238
1 76 0.433174147886 0.379887839744 0.811661173535 0.982123747724
0 13 0.553690516367 0.994712555744 0.251974620675 0.348426358716
1 98 0.753183699067 0.415103684092 0.433901449612 0.09150738447
0 30 0.709691565535 0.663092027301 0.211356427121 0.869165881384
0 28 0.85788729215 0.973359985756 0.402925464147 0.977828573933
0 59 0.710124782255 0.492989384636 0.562996882939 0.535427941844
0 70 0.24820197687 0.913373808964 0.226690583397 0.422123179983
1 61 0.576204890959 0.584994118721 0.142828967187 0.995303249394
0 86 0.518895075835 0.999959331287 0.955315183324 0.00856947717703
2 83 0.468109689298 0.740772496373 0.765535105845 0.44159602256
0 47 0.354660203489 0.500177029414 0.249573288138 0.602961482921
0 48 0.0391702159638 0.100269934767 0.849191845331 0.207783436528
0 28 0.401874744319 0.136878962064 0.547297081319 0.936352243365
0 40 0.321112481314 0.902059151292 0.257761129107 0.206600406567
0 22 0.0921844962684 0.691804119393 0.259786813244 0.34189845515
0 68 0.244138987639 0.79640216409 0.197023966562 0.488815180457
2 49 0.217636400374 0.663439726675 0.472645746318 0.781724283733
0 17 0.789940489725 0.48902925864 0.990807344723 0.0285932207393
1 64 0.328882453726 0.71740050732 0.370525239803 0.832082209731
0 41 0.756998774212 0.0539924736618 0.903762966649 0.465398146993
0 32 0.369693464951 0.179984307917 0.427193164408 0.8331831607
0 42 0.537840043851 0.326098436468 0.291494947886 0.142288665116
0 13 0.429264204608 0.443149341935 0.327265823291 0.942937067558
0 31 0.00699532138305 0.923852366506 0.593518575906 0.845252344474
0 28 0.495230128106 0.0158289574014 0.567210836043 0.898307064082
0 99 0.688429644984 0.086462176994 0.645068670334 0.737689516127
1 55 0.089254910007 0.966306492358 0.887056599104 0.452768374619
0 88 0.979382619102 0.940850990805 0.202887319496 0.639612251275
1 93 0.454072733298 0.97791262157 0.299762114092 0.998544984066
0 56 0.84520057611 0.580836634371 0.72871214588 0.58098881477
0 89 0.446090780426 0.685367540031 0.60514919031 0.835257392376
0 67 0.751572973916 0.656275156258 0.967987965201 0.892111448461
0 22 0.670189017163 0.547932731405 0.585859307449 0.521442689158
0 99 0.0901822237127 0.939800370808 0.709443035664 0.805661170781
0 66 0.458751450593 0.45675362082 0.532604656962 0.691527448736
0 13 0.806018313074 0.0439562045632 0.123490465901 0.776680583559
0 18 0.667144781994 0.00894165392789 0.659214753484 0.00712517236963
0 29 0.807563729789 0.621932407547 0.0739417405124 0.69897988913
0 78 0.912721232805 0.795024439698 0.938558535698 0.29584769916
0 37 0.719840407261 0.385699328734 0.0234460225063 0.904489028526
0 27 0.134286406969 0.274924572689 0.651099903902 0.637992772605
1 88 0.0281806598632 0.538546093556 0.404269507379 0.545713606243
0 79 0.482299512153 0.571103015917 0.759707214316 0.0499324045503
0 33 0.653879471437 0.730347863271 0.537223883274 0.645407889841
0 84 0.112956402863 0.0114348478719 0.0621711719496 0.813744117213
2 62 0.601239057724 0.955359278822 0.548505330057 0.774027979059
1 93 0.693066178832 0.792718342386 0.456518688336 0.131144832657
0 48 0.633785677716 0.796522825988 0.0337472382993 0.86470942024
0 53 0.783423879534 0.900525436238 0.666207613421 0.182331136641
0 92 0.703990521183 0.46897199756 0.547730015855 0.904129848914
0 30 0.813926540402 0.943513605991 0.745339836037 0.269841578315
0 50 0.915688481282 0.578984426722 0.727732656693 0.590481349774
0 81 0.765889121283 0.921100046635 0.907375832772 0.591348084188
0 93 0.444852646992 0.286110981867 0.352150685095 0.578036661712
0 49 0.385138574254 0.946630590614 0.483144315943 0.358120499712
1 82 0.463784995383 0.481282032605 0.831494184764 0.216023150184
0 55 0.693718441472 0.716426067582 0.78492320351 0.946045510886
1 53 0.550330984704 0.974957184308 0.3965590902 0.778338854137
1 85 0.532922214892 0.862455030267 0.459200466387 0.321846140995
1 26 0.273881571506 0.742778398508 0.839889095747 0.128318430471
0 51 0.406315309368 0.0605761856708 0.0712519249116 0.275386062922
0 14 0.363803017545 0.251259319707 0.986924564027 0.92680513593
0 17 0.939747675654 0.210330455973 0.714156803636 0.620762174874
0 27 0.531231378907 0.966554153509 0.852044532258 0.00836029675537
1 17 0.687981051812 0.434982981695 0.737998741228 0.802964012858
0 62 0.771239864873 0.574721727079 0.460287778242 0.672164190703
0 31 0.781537166785 0.507403406398 0.721218031767 0.227000973103
0 99 0.351119152797 0.718980299191 0.100371749085 0.198202569104
1 48 0.850498801542 0.940426782182 0.0909341182419 0.651041320381
2 55 0.409968998468 0.761670125905 0.687522760261 0.952853201144
1 93 0.0133541475221 0.984597382132 0.361285027994 0.682213794674
0 99 0.981481230562 0.46175715121 0.592220278127 0.227510095324
0 9 0.417576373257 0.420459991329 0.208427481265 0.202692470187
1 50 0.69628116809 0.138200518444 0.164189615328 0.247059107053
0 85 0.28603340955 0.338133762697 0.900276477962 0.486141006883
2 97 0.330742268041 0.969310408148 0.903287789055 0.0403901531475
0 54 0.447958419478 0.107331849089 0.681842114213 0.755953486879
0 35 0.764846096611 0.614352179436 0.710699725957 0.110079838276
1 72 0.994661052605 0.611900710212 0.0774313374964 0.70768447347
2 70 0.569087678801 0.437386918323 0.971270646995 0.952438626381
0 59 0.319967103117 0.535172352566 0.590486820016 0.0477993985699
0 49 0.179279795057 0.0218265962148 0.173815216748 0.443212150317
1 71 0.296260141441 0.553266566587 0.332897969973 0.538917427128
0 32 0.185309793879 0.44711447689 0.237766315187 0.917026401374
2 84 0.51264158932 0.34289131178 0.499950115184 0.255033502131
0 38 0.168353335442 0.056229888124 0.0761602432759 0.348774944123
0 66 0.593043530257 0.861161478964 0.906802229751 0.322303628976
0 81 0.884479497201 0.602961962975 0.807132106204 0.0769914231591
1 65 0.809155421782 0.864981898379 0.152292966335 0.558724942286
1 47 0.861093882676 0.498656477131 0.742902911458 0.563704849273
0 89 0.107359456135 0.304241975707 0.261000745222 0.263569792879
0 64 0.470226358285 0.648511649512 0.742088888332 0.332829819276
0 84 0.756081297854 0.588886057009 0.432890019677 0.896603024466
1 96 0.776659829877 0.206576650556 0.626454576542 0.572851527637
0 44 0.727804344371 0.472319122577 0.184795841729 0.0184071089865
0 48 0.491125047763 0.440170719217 0.830330312239 0.198604928735
0 17 0.650674497724 0.529547933448 0.627234446252 0.0349966251133
2 54 0.641541659836 0.694745535371 0.25140282325 0.0878448183385
0 38 0.958705203678 0.834815262144 0.573247881389 0.0258149743491
0 27 0.473715584803 0.910889504186 0.998096491732 0.519373407732
0 10 0.895848645007 0.11803806686 0.142491740766 0.9885328503
1 68 0.820564029713 0.238923924548 0.735192195774 0.819427653623
0 35 0.485246072207 0.0232460601807 0.430098067849 0.482408454245
0 91 0.612384835171 0.863773458904 0.653370132809 0.379347182206
0 41 0.524289288572 0.266480948392 0.700979338856 0.506999295045
0 13 0.38660236009 0.00778012329099 0.147837805746 0.71963757601
0 16 0.807813913182 0.0163556917947 0.796939631269 0.950881080188
0 66 0.469539801365 0.515504633997 0.0788046924769 0.602842335885
0 64 0.707381624342 0.783016561204 0.119511809529 0.580452245805
0 88 0.101949143549 0.173072734354 0.575564718562 0.412877311155
0 67 0.0493690174649 0.53444394045 0.812842070963 0.433227982343
2 68 0.418005584784 0.770904613979 0.872920617796 0.158424395063
0 7 0.0508873574379 0.786336641037 0.096208720457 0.242846680882
1 53 0.6760144169 0.225623045744 0.307867436941 0.586583316532
0 41 0.302069532751 0.738491582731 0.0815436610309 0.162752632115
0 44 0.0879024032917 0.588386927721 0.284803510365 0.159170352718
0 16 0.0203802542557 0.0568595681109 0.345078175432 0.749406964639
0 92 0.61780066949 0.168829541932 0.211515451816 0.128899766918
0 29 0.951457308572 0.861600920593 0.400400589693 0.676506791024
0 91 0.63232010494 0.115153208055 0.604086511145 0.157369302064
0 9 0.0759661494614 0.43183783003 0.358063467878 0.412843265026
1 93 0.728112841367 0.265201783965 0.0297177741917 0.146991429176
0 29 0.327408721948 0.909520444744 0.454401785726 0.287076871551
2 91 0.278736482681 0.87214525474 0.673583682343 0.11377391535
1 45 0.412587423283 0.495157762495 0.646963143381 0.521498715568
0 59 0.394767367024 0.0899125797519 0.955111015046 0.526911254218
0 35 0.701494048758 0.494513226573 0.339186281665 0.80779025469
0 65 0.452723073425 0.463863548576 0.816634422901 0.0298567252329
0 71 0.451953492198 0.740129753823 0.551423528801 0.687789237449
0 61 0.407156453816 0.0444428165784 0.267272555707 0.1045382675
1 11 0.905351142586 0.408799333851 0.327139466332 0.339081194358
0 8 0.938409270069 0.819384089969 0.637761254186 0.182640446749
0 77 0.866515148338 0.979168768197 0.990961826251 0.571737773996
0 45 0.569870638794 0.0311879013777 0.854314419669 0.164031325754
0 97 0.963008364526 0.532503922461 0.495883778497 0.785426083267
0 1 0.303696334651 0.0792615401625 0.363123575663 0.459420637994
0 60 0.661290792445 0.124568934079 0.164841009927 0.197218416152
0 6 0.89243049058 0.398680876342 0.654137698199 0.314871995633
0 68 0.472961032784 0.960631964839 0.435581772713 0.303569163613
1 60 0.628194935139 0.993181660122 0.567953476751 0.761458822624
0 31 0.136440789252 0.200495888259 0.20158323098 0.163519192716
0 50 0.0118403547148 0.76263524378 0.0672646792509 0.866281104836
0 47 0.08222899824 0.609647420204 0.152800448424 0.82630457924
0 2 0.616353580186 0.553975135382 0.549264094951 0.164282316319
0 33 0.737972292426 0.0867571244123 0.803606730114 0.29253405719
0 48 0.163414423293 0.932917445416 0.796495371522 0.7828204539
0 42 0.514860793176 0.484286229751 0.285923765539 0.570566771626
2 69 0.199828362533 0.00438969810023 0.768290311918 0.797172340562
0 88 0.639291690115 0.289296786711 0.48607856768 0.725781825437
1 79 0.551803800465 0.790656656208 0.980230542816 0.481363745164
1 51 0.667879906086 0.840095925859 0.471644739438 0.921490473155
0 29 0.87293223506 0.124413072837 0.688781192173 0.736403788111
0 67 0.49522090212 0.117148731529 0.313284568455 0.0404543237171
0 38 0.754862005564 0.788516874114 0.061976953707 0.322703737003
0 74 0.0939911109942 0.171854535972 0.220364791424 0.0233405750892
0 22 0.832342472774 0.628300641317 0.243328046142 0.916106902147
0 18 0.37584919385 0.120975104299 0.700935808433 0.143257716634
0 52 0.640209454991 0.684462709478 0.51826290704 0.180223342361
0 73 0.379013203985 0.509315364608 0.615380442681 0.780052287571
0 99 0.966862850294 0.223188060443 0.317062495842 0.664133679986
1 70 0.709305886596 0.734887760716 0.208856799358 0.341325887402
0 44 0.397244580476 0.143033273758 0.321711943886 0.474062208592
0 67 0.420768176037 0.0322438643342 0.767425650678 0.0463423602552
0 36 0.0883550478647 0.333933215825 0.796875413405 0.365239311872
0 63 0.533578509351 0.504620129013 0.753170938571 0.136786423799
0 32 0.277915605493 0.819627583393 0.42863822309 0.999103669058
0 84 0.822324790159 0.704876777134 0.841862453104 0.53325514759
1 85 0.147264091228 0.637627820103 0.192053565481 0.985031447766
0 41 0.500956410771 0.554533704627 0.0740468839104 0.47095142998
1 47 0.161210780202 0.915114057468 0.322797249745 0.439166586318
1 38 0.1240591823 0.0469882020144 0.627787417533 0.827462203033
0 74 0.195308614784 0.76215713267 0.42541396546 0.129508367594
0 47 0.223965812761 0.881513841115 0.2830441072 0.0522872980054
0 55 0.921750237545 0.472412466395 0.415318242186 0.843058168673
0 75 0.235904130287 0.00962878278336 0.784138463842 0.566365223098
0 92 0.765198197867 0.394557016764 0.229427564075 0.116521361638
0 1 0.380154917853 0.489233300534 0.490974111743 0.638098617804
0 84 0.830504800514 0.277276415272 0.797324038976 0.925367082021
0 50 0.355302788735 0.31281418118 0.125513661683 0.144633516751
0 84 0.898675769512 0.799011998805 0.427033425914 0.91538647703
0 15 0.454513688059 0.960402879473 0.300614161734 0.0919716627454
0 92 0.736240870771 0.78959792769 0.905938480792 0.610006833646
0 50 0.453914041674 0.566512778091 0.472640064752 0.53010211731
0 9 0.865692399799 0.0768948891433 0.202411262886 0.716890549622
0 99 0.412737602271 0.0289631091214 0.19534234536 0.526889649943
0 51 0.469658254654 0.315840389458 0.775816886239 0.399646336644
1 31 0.99596039924 0.147897990961 0.531002923819 0.902224047734
0 35 0.130897126183 0.0929637560866 0.672323705445 0.547573158627
1 89 0.499419384457 0.320991876059 0.0231392520491 0.529959646867
1 78 0.748971308554 0.850461164533 0.40373038885 0.118686303388
0 0 0.63177756855 0.418362557286 0.0110402366344 0.168371792403
0 90 0.490400607634 0.591956842522 0.29102068392 0.180624103173
1 98 0.701324810479 0.720533125112 0.558224457391 0.873460411897
0 64 0.412762656449 0.335369729339 0.754137204293 0.767340118997
1 66 0.816747358439 0.0350322215549 0.149489140679 0.76168146419
0 52 0.786919905074 0.864947670231 0.460404067664 0.619510003156
1 56 0.962794118535 0.892991411777 0.854089789148 0.766155532532
0 70 0.303114445812 0.225493549719 0.403832874879 0.0476114425845
0 48 0.0971211320322 0.679768096711 0.0598905920569 0.425292523768
0 61 0.422168861976 0.774652686503 0.706011463318 0.0215692557848
0 30 0.310414379433 0.930896399676 0.100683389159 0.0104016415772
0 9 0.204580309274 0.0878180268163 0.0874315736037 0.90671142627
0 0 0.214229919762 0.887153862621 0.576672932579 0.646721089906
1 84 0.714585635808 0.252812082634 0.652084044369 0.888624297253
0 75 0.919093877296 0.248245365787 0.516662403892 0.644704521356
0 56 0.511346788105 0.885273966273 0.92106436173 0.341320785843
1 19 0.36673761285 0.603152168894 0.83695536548 0.351155902757
0 75 0.606478601559 0.147598016947 0.845254355955 0.581300608292
0 62 0.818467187335 0.192040822596 0.667271115712 0.527604341714
0 24 0.932796501303 0.0661771399211 0.604358219629 0.691380223822
0 70 0.302073300728 0.0686567148276 0.193851865943 0.748615746502
0 30 0.87027870828 0.279944622777 0.362990022163 0.78894948668
2 91 0.914903599151 0.294738336842 0.395295545179 0.395653270284
0 44 0.973565284777 0.20907481338 0.755861351247 0.764903209575
1 48 0.767158163133 0.303133309034 0.176501900913 0.746745564294
0 88 0.0659777153625 0.323544414955 0.876982794726 0.503270749652
0 49 0.0788677637074 0.111622175454 0.680487104941 0.0317427770982
0 76 0.101971757387 0.731439195734 0.0708416984567 0.769916313932
0 34 0.512090923634 0.0257482427539 0.281234385141 0.263636975658
0 60 0.257706785908 0.231005516412 0.465723998325 0.440829840296
0 72 0.609073964618 0.950172434239 0.36520000125 0.582867158794
1 87 0.733870079851 0.711241138733 0.306250976818 0.580970058005
0 61 0.848835960783 0.663820552666 0.580400499762 0.112179484646
0 66 0.350644584557 0.0958243839625 0.0666961006183 0.282439506051
1 79 0.176292747045 0.626353763016 0.11263574759 0.898298590829
1 76 0.805219866653 0.27529011785 0.881573687886 0.818365963213
1 36 0.883131674344 0.0103066241781 0.381446577664 0.401235240168
0 92 0.414761246517 0.0619451740326 0.349169980888 0.060252966198
0 88 0.424838698747 0.213637218302 0.718433873304 0.625726983556
1 38 0.27015375945 0.338711744603 0.0741928415863 0.432420603006
0 63 0.0726632541401 0.748901886566 0.953544643984 0.339247655981
0 83 0.128479593128 0.737015829438 0.517212901009 0.313020521181
1 94 0.715047540849 0.401429774264 0.769685331126 0.467491312942
1 85 0.655380664686 0.422478595184 0.930580687893 0.428341587934
1 47 0.512377211177 0.584505746417 0.735579576205 0.194266659045
0 94 0.245819888169 0.979053683303 0.485540320467 0.0434827177788
0 61 0.694176992681 0.719954150538 0.00528019758531 0.266507067386
1 12 0.383058200185 0.546434640369 0.918730553183 0.527968023305
1 47 0.898754418488 0.352132983003 0.81446742395 0.434105640822
0 13 0.0185624473277 0.368926123826 0.669288332784 0.397283309529
0 9 0.662034902007 0.630760634526 0.254938308759 0.373712593509
0 27 0.311791463402 0.112245733709 0.331967301859 0.858784566023
0 24 0.6591676347 0.656993947093 0.867761082593 0.758631265997
0 82 0.000808565703637 0.551462607892 0.753275616157 0.251404939515
0 80 0.496436626503 0.337175802393 0.534385395799 0.958552864833
1 94 0.343674267247 0.785264642339 0.596614685502 0.779343002084
0 50 0.823306931192 0.175131783381 0.483358975854 0.186684291218
0 6 0.465635204103 0.803900449826 0.711725449592 0.540081396732
0 51 0.52188172725 0.329011389834 0.897730479699 0.141117499995
1 87 0.915597421149 0.0843227706268 0.932286600362 0.180663526188
0 44 0.0843601270691 0.0472567856416 0.545236422422 0.921318481442
0 30 0.704691909025 0.68048788743 0.130689316218 0.113872918931
0 79 0.560456545966 0.128976560829 0.661304743322 0.980040260121
0 20 0.963574089955 0.703007645715 0.509879583475 0.621433039511
0 45 0.134839184705 0.57820943716 0.878608751914 0.697468618748
0 32 0.804013154842 0.899139648626 0.33248381536 0.562921975161
0 23 0.141240346018 0.34900276873 0.0843387489035 0.614845999497
0 68 0.435831716615 0.115738364082 0.627236976353 0.494298235112
0 46 0.691810607861 0.847286531026 0.830160627777 0.228342143261
0 78 0.535252198016 0.0640205217168 0.635226276094 0.830098822764
0 98 0.367798343269 0.189560488676 0.684645161976 0.180342541063
0 75 0.571588887082 0.463019149673 0.768064159971 0.0198076869957
0 38 0.123967438958 0.566096043388 0.816917590642 0.46860265418
0 80 0.298518301951 0.817288904103 0.949140049253 0.951575034286
0 59 0.619226923564 0.330045296423 0.88674298089 0.359187514931
0 80 0.0664243460064 0.795529129832 0.553281101815 0.509700637132
0 73 0.173394203907 0.696832467931 0.901768739523 0.749679523254
0 19 0.393523068295 0.549242206173 0.192541807071 0.97584642218
0 38 0.489618936464 0.836007488497 0.51275457061 0.262433997747
0 3 0.338417958084 0.734604714278 0.00180683542705 0.561049968036
0 5 0.941347303995 0.970387188212 0.661227374849 0.611412373307
0 34 0.90856776774 0.634254179035 0.66743131467 0.852071490541
0 35 0.411718628043 0.861796492522 0.666868035007 0.0692151023102
0 31 0.101234030802 0.0485736896876 0.443668285795 0.915304495467
0 72 0.00526477172873 0.916690923992 0.194450493429 0.606164080845
0 90 0.517764162913 0.17161708644 0.336982802031 0.953204716829
0 14 0.201357134045 0.667106752383 0.252367741543 0.158756922685
0 27 0.506841795515 0.310351215132 0.677767783004 0.927508438689
1 68 0.931590199118 0.32164224787 0.781651031394 0.340005127392
0 58 0.787405733336 0.724694863257 0.391704458779 0.93729725706
1 77 0.857882877113 0.734136643817 0.252562830099 0.300130849076
0 65 0.851933009917 0.986522017301 0.736738986802 0.0641041808807
2 80 0.323368006226 0.78005761796 0.198604234295 0.567381128862
0 30 0.665064193418 0.0552346012524 0.966031498202 0.970514368815
0 71 0.450199357474 0.939733426407 0.506069911613 0.0586818861387
0 22 0.492685098988 0.495128103901 0.567266507003 0.389374877899
0 54 0.524427473472 0.509562940981 0.063614498333 0.529146226453
1 45 0.911335233753 0.724376850266 0.3762929293 0.0334407192826
0 61 0.566612688786 0.9598697824 0.307166777343 0.76811556222
0 21 0.236141209322 0.587665802641 0.71871196344 0.676505008901
0 82 0.363728642646 0.605043028544 0.958307505721 0.676343308227
0 8 0.886927411975 0.858685194975 0.450173374508 0.52689423562
0 64 0.64069147806 0.960699203238 0.661285366915 0.610978250723
0 70 0.0611094807013 0.13611178993 0.969563362175 0.00684105471482
0 28 0.163622304179 0.35462552413 0.468136836027 0.80137983738
0 5 0.860524697924 0.581627023374 0.298703959724 0.019709139739
